@params:Chorus Amount|Chorus On|Chorus Rate|Cut On|Decay Time|Density|Diffuse Level|Diffusion|Dry/Wet|ER Shape|ER Spin Amount|ER Spin On|ER Spin Rate|Flat On|Freeze On|HiFilter Freq|HiFilter On|HiFilter Type|HiShelf Gain|In Filter Freq|In Filter Width|In HighCut On|In LowCut On|LowShelf Freq|LowShelf Gain|LowShelf On|Predelay|Reflect Level|Room Size|Scale|Size Smoothing|Stereo Image
Ambience Medium:0.27768680453300476|1.0|0.790123462677002|0.0|0.5079365372657776|1.0|0.4761904776096344|1.0|1.0|0.0|0.6595744490623474|1.0|0.7283951044082642|0.0|0.0|0.626086950302124|1.0|0.0|0.5531915426254272|0.0|0.7659574151039124|0.0|0.0|0.530434787273407|0.21276594698429108|1.0|0.5555555820465088|1.0|0.2698412835597992|1.0|2.0|0.7301587462425232
Ambience:0.002506265649572015|0.0|0.10369296371936798|1.0|0.1926112174987793|3.0|0.7034740447998047|0.6269841194152832|1.0|0.0|0.4166666865348816|0.0|0.2878788411617279|1.0|0.0|0.8775510191917419|1.0|0.0|0.6666666865348816|0.8181817531585693|0.5625|1.0|0.0|0.2271994799375534|0.6875|0.0|0.5472908020019531|0.6253118515014648|0.5830302238464355|1.0|2.0|0.8333333134651184
Arena Tail:0.07038673758506775|1.0|0.8484848737716675|1.0|0.578125|0.0|0.5396825671195984|0.6246089935302734|0.4000000059604645|0.3492063581943512|0.5833333134651184|1.0|0.43939393758773804|1.0|0.0|0.704081654548645|1.0|0.0|0.4791666567325592|0.5454545021057129|0.75|1.0|1.0|0.227199524641037|1.0|1.0|0.6796875596046448|0.6428571343421936|1.0|0.5317460298538208|2.0|0.9603174924850464
Backbone:0.4128599464893341|1.0|0.10975606739521027|1.0|0.3730158507823944|1.0|0.8253968358039856|0.7142857313156128|1.0|1.0|0.38235294818878174|1.0|0.26829269528388977|1.0|0.0|0.6495726704597473|1.0|0.0|0.5588235855102539|0.3536585569381714|0.7058823704719543|1.0|0.0|0.9658120274543762|0.9705882668495178|0.0|0.761904776096344|1.0|1.0|0.920634925365448|2.0|0.7142857313156128
Ballad Reverb:0.002506265649572015|0.0|0.10369296371936798|1.0|0.47478148341178894|3.0|0.49356332421302795|0.6246089935302734|1.0|0.6666666865348816|0.5833333134651184|1.0|0.40909090638160706|1.0|0.0|0.8046875|1.0|0.0|0.5859375|0.7272727489471436|0.3828125|1.0|0.0|0.2271994799375534|0.6875|0.0|0.6588259935379028|0.3449578881263733|0.7915151119232178|1.0|2.0|0.8333333134651184
Basement:1.0|1.0|0.5757575631141663|1.0|0.3888888657093048|3.0|0.7034740447998047|0.6246089935302734|1.0|1.0|0.8125|0.0|0.5606061220169067|1.0|0.0|0.6632652878761292|1.0|0.0|0.0|0.7575756907463074|0.5416666269302368|1.0|0.0|0.24489794671535492|0.0|1.0|0.22307033836841583|0.3449578881263733|0.4932406544685364|0.8947368264198303|2.0|0.8333333134651184
Big Room:0.002506265649572015|0.0|0.10369296371936798|1.0|0.2821703851222992|3.0|0.4920635521411896|0.7777777910232544|1.0|0.7460317611694336|0.7083333134651184|1.0|0.2575758099555969|1.0|0.0|0.7578125596046448|1.0|0.0|0.2500000298023224|0.7578124403953552|0.4166666567325592|1.0|0.0|0.2271994799375534|0.6875|0.0|0.5113844871520996|0.7034740447998047|0.3372792899608612|1.0|2.0|0.8333333134651184
Bright Long Verb:0.15164367854595184|1.0|0.45454543828964233|1.0|0.4920635521411896|3.0|0.6253118515014648|0.5724713802337646|1.0|0.6984127163887024|0.5833333134651184|1.0|0.40909090638160706|1.0|0.0|1.0|1.0|0.0|1.0|0.7272727489471436|0.4166666567325592|0.0|0.0|0.47959187626838684|0.2708333134651184|1.0|0.6587302088737488|0.49356332421302795|0.7489610314369202|1.0|2.0|0.8333333134651184
Bright Reflections:0.15164367854595184|1.0|0.45454543828964233|1.0|0.40369439125061035|3.0|0.7911734580993652|0.20750781893730164|1.0|0.6984127163887024|0.5833333134651184|1.0|0.40909090638160706|1.0|0.0|1.0|1.0|0.0|1.0|0.7272727489471436|0.4166666567325592|0.0|0.0|0.3265306353569031|0.0|1.0|0.6588259935379028|0.38891172409057617|0.8523988723754883|0.2631579041481018|2.0|0.8333333134651184
Bright Room:0.15164367854595184|0.0|0.45454543828964233|1.0|0.1606462597846985|3.0|0.6269841194152832|0.7288842797279358|1.0|0.7698412537574768|0.3749999701976776|1.0|0.1515151560306549|1.0|0.0|1.0|1.0|0.0|1.0|0.7272727489471436|0.4166666567325592|0.0|0.0|0.5408162474632263|0.2291666567325592|1.0|0.3705117404460907|1.0|0.1666666716337204|1.0|2.0|0.8333333134651184
Cathedral:0.0476190485060215|0.0|0.3181818127632141|0.0|0.5643406510353088|3.0|0.49356332421302795|0.2063491940498352|1.0|1.0|0.5833333134651184|0.0|0.40909090638160706|0.0|0.0|0.8367347121238708|1.0|0.0|0.25|0.7121211886405945|0.4375|1.0|0.0|0.2271994799375534|0.6875|0.0|0.7703611254692078|0.23975330591201782|0.8676563501358032|0.1587301641702652|2.0|0.8333333134651184
Church:0.02434774860739708|0.0|0.24242423474788666|1.0|0.5337725877761841|3.0|0.49356332421302795|0.3117831349372864|1.0|1.0|0.5833333134651184|0.0|0.40909090638160706|1.0|0.0|0.7653061151504517|1.0|0.0|0.4375000298023224|0.7575756907463074|0.375|1.0|0.0|0.2271994799375534|0.6875|0.0|0.7832408547401428|0.23975330591201782|0.8523988723754883|0.8412697911262512|2.0|0.8333333134651184
Concert Hall:0.22166095674037933|0.0|0.4848484694957733|0.0|0.43565958738327026|3.0|0.6269841194152832|0.5203337073326111|1.0|1.0|0.5833333134651184|0.0|0.40909090638160706|0.0|0.0|0.7857142686843872|1.0|0.0|0.5833333730697632|0.7116478085517883|0.4166666567325592|1.0|0.0|0.2271994799375534|0.6875|0.0|0.7410234808921814|0.49356332421302795|0.777866780757904|0.5789473652839661|2.0|0.8333333134651184
Concrete Chamber:0.18546363711357117|0.0|0.4690614938735962|0.0|0.428571492433548|2.0|0.841269850730896|0.8809523582458496|1.0|0.3174603283405304|0.6544755101203918|0.0|0.48569256067276|1.0|0.0|0.6068376302719116|1.0|0.0|0.44117650389671326|0.5365853309631348|0.38235294818878174|1.0|0.0|0.34188032150268555|0.4705882668495178|0.0|0.0158730149269104|1.0|0.1428571343421936|1.0|2.0|0.2063492089509964
Corridor:0.002506265649572015|0.0|0.10369296371936798|1.0|0.2636983096599579|3.0|0.4920635521411896|0.2063491940498352|1.0|0.7460317611694336|0.7083333134651184|1.0|0.2575758099555969|1.0|0.0|0.7653061151504517|1.0|0.0|0.3541666865348816|0.7578124403953552|0.4166666567325592|1.0|0.0|0.2271994799375534|0.6875|0.0|0.482046902179718|0.7034740447998047|0.28475576639175415|0.5789473652839661|2.0|0.8333333134651184
Dark Hall:0.15164367854595184|0.0|0.3333333432674408|0.0|0.5238096117973328|2.0|0.3449578881263733|0.7222222089767456|1.0|1.0|0.8125|0.0|0.7272727489471436|0.0|0.0|0.5816327333450317|1.0|0.0|0.1874999850988388|0.13636362552642822|0.7083333730697632|1.0|0.0|0.346938818693161|0.625|1.0|0.6904761791229248|0.3449578881263733|0.8492063283920288|0.4920635223388672|2.0|0.7539682388305664
Dark Medium Room:0.15164367854595184|0.0|0.3333333432674408|0.0|0.3730158507823944|1.0|0.3449578881263733|0.8046875|1.0|1.0|0.8125|0.0|0.7272727489471436|0.0|0.0|0.6122449040412903|1.0|0.0|0.2708333134651184|0.19531254470348358|0.78125|1.0|0.0|0.346938818693161|0.625|1.0|0.4461406171321869|0.3449578881263733|0.6190476417541504|0.317460298538208|2.0|0.7936508655548096
Dark Small Room:0.15164367854595184|0.0|0.3333333432674408|0.0|0.24603183567523956|2.0|0.3449578881263733|0.7222222089767456|1.0|1.0|0.8125|0.0|0.7272727489471436|0.0|0.0|0.5816327333450317|1.0|0.0|0.1874999850988388|0.13636362552642822|0.7083333730697632|1.0|0.0|0.346938818693161|0.625|1.0|0.5158730149269104|0.3449578881263733|0.0476190522313118|0.4920635223388672|2.0|0.7539682388305664
Drums Room:0.002506265649572015|0.0|0.10369296371936798|1.0|0.3174603581428528|3.0|0.4920635521411896|1.0|1.0|0.2539682686328888|0.7291666865348816|1.0|0.1363636702299118|1.0|0.0|0.8124999403953552|1.0|0.0|0.7578125|0.7578124403953552|0.4166666567325592|0.0|0.0|0.2271994799375534|0.6875|0.0|0.4461403787136078|0.7034740447998047|0.28475576639175415|1.0|2.0|0.8333333134651184
Empty Club:1.0|0.0|0.9545454382896423|0.0|0.31413534283638|3.0|0.3449578881263733|0.4126984179019928|1.0|1.0|0.8125|0.0|0.5606061220169067|0.0|0.0|0.8877550959587097|1.0|0.0|0.0|0.9242423176765442|0.0|1.0|0.0|0.29591837525367737|0.0|1.0|0.5113844871520996|1.0|0.4444444179534912|0.579365074634552|2.0|1.0
Forest Floor:0.49426695704460144|0.0|0.4690614938735962|1.0|0.41732287406921387|2.0|0.7795275449752808|0.6246089935302734|1.0|0.5|0.3191488981246948|1.0|0.3086419999599457|1.0|0.0|0.8102340698242188|1.0|0.0|0.3374999761581421|0.47729402780532837|0.6294117569923401|0.0|0.0|0.2271994799375534|0.6875|0.0|0.25897663831710815|0.49356332421302795|0.5039370059967041|0.7322834730148315|2.0|0.5433071255683899
Foyer:0.22166095674037933|0.0|0.4848484694957733|0.0|0.3752012848854065|3.0|0.7034740447998047|0.10323253273963928|1.0|1.0|0.5833333134651184|1.0|0.40909090638160706|0.0|0.0|0.8046875|1.0|0.0|0.625|0.8030303120613098|0.4791666567325592|1.0|0.0|0.234375|0.6875|1.0|0.6588259935379028|0.7034740447998047|0.635553777217865|0.7894737124443054|2.0|0.8333333134651184
Frozen Build Up:0.025737572461366653|1.0|0.7283950448036194|0.0|0.658730149269104|1.0|0.19841268658638|0.0|1.0|0.817460298538208|1.0|0.0|1.0|0.0|1.0|0.7130434513092041|1.0|0.0|0.6595745086669922|0.654321014881134|0.5744680762290955|1.0|1.0|0.40869566798210144|0.6595745086669922|1.0|0.6587302088737488|0.0|1.0|1.0|2.0|0.6746031641960144
Garage:0.15164367854595184|0.0|0.45454543828964233|1.0|0.19841265678405762|3.0|0.7034740447998047|0.7265625|1.0|0.6984127163887024|0.5833333134651184|1.0|0.40909090638160706|1.0|0.0|0.8571429252624512|1.0|0.0|0.625|0.7272727489471436|0.4166666567325592|0.0|0.0|0.020408183336257935|0.9791666865348816|0.0|0.6588259935379028|0.49356332421302795|0.1666666716337204|1.0|2.0|0.8333333134651184
Guitar Room:0.0476190485060215|1.0|0.40909087657928467|1.0|0.31413534283638|3.0|0.49356332421302795|0.6246089935302734|1.0|1.0|0.8125|1.0|0.22727276384830475|1.0|0.0|0.8265306353569031|1.0|0.0|0.6666666865348816|0.7575756907463074|0.4583333432674408|1.0|0.0|0.214285746216774|0.4375000298023224|1.0|0.6588259935379028|0.49356332421302795|0.5830302238464355|1.0|2.0|0.8333333134651184
Gymnasium:0.002506265649572015|0.0|0.10369296371936798|1.0|0.3852224349975586|3.0|0.6253118515014648|0.7288842797279358|1.0|0.0|0.6875|1.0|0.16666670143604279|1.0|0.0|0.7857142686843872|1.0|0.0|0.625|0.7578124403953552|0.4166666567325592|1.0|0.0|0.2271994799375534|0.6875|0.0|0.6357994079589844|0.38891172409057617|0.635553777217865|1.0|2.0|0.8333333134651184
Hall Damped:0.015960058197379112|1.0|0.7727272510528564|0.0|0.4488189220428467|0.0|0.9542872309684753|0.6269841194152832|0.20472441613674164|0.6349206566810608|0.2916666567325592|1.0|0.5151515007019043|0.0|0.0|0.7653061151504517|1.0|0.0|0.1250000149011612|0.28346458077430725|0.75|1.0|1.0|0.3265306353569031|0.0|1.0|0.6428571939468384|0.8730158805847168|0.9291338324546814|0.9370078444480896|2.0|1.0
Hall Shine:0.002506265649572015|1.0|0.10369296371936798|1.0|0.4126984477043152|0.0|0.49356332421302795|0.6246089935302734|0.2698412835597992|0.5|0.6544755101203918|1.0|0.48569256067276|1.0|0.0|0.8102341890335083|1.0|0.0|0.625|0.47729402780532837|0.6294117569923401|1.0|0.0|0.227199524641037|1.0|1.0|0.60317462682724|0.49356332421302795|0.6666666865348816|0.3684210479259491|2.0|0.8333333134651184
Halluzinatione:0.05091799795627594|1.0|0.395061731338501|1.0|0.3809524178504944|1.0|0.6666666865348816|0.4761904776096344|1.0|0.2936508059501648|0.8823529481887817|0.0|0.6463415026664734|1.0|0.0|0.895652174949646|1.0|0.0|0.5531915426254272|0.5555556416511536|0.6382979154586792|1.0|0.0|0.2956521511077881|0.7659574747085571|1.0|0.60317462682724|1.0|0.6904761791229248|0.4047619104385376|2.0|0.9126984477043152
High Verb:0.18546363711357117|1.0|0.4690614938735962|1.0|0.3700787425041199|1.0|0.7007874250411987|0.6246089935302734|1.0|0.5|0.6544755101203918|1.0|0.48569256067276|1.0|0.0|0.8102340698242188|1.0|0.0|0.3374999761581421|0.8641976714134216|0.6382979154586792|0.0|1.0|0.2271994799375534|0.6875|0.0|0.6850393414497375|0.748031497001648|0.7915151119232178|0.3684210479259491|2.0|0.8333333134651184
In A Box:0.7785240411758423|1.0|0.3636363446712494|1.0|0.2222222536802292|0.0|0.7063491940498352|0.6246089935302734|0.5|0.1111111119389534|0.6544755101203918|1.0|0.48569256067276|1.0|0.0|0.8102341890335083|1.0|0.0|0.625|0.560606062412262|0.6041666269302368|1.0|1.0|0.227199524641037|1.0|1.0|0.4523809850215912|0.49356332421302795|0.261904776096344|0.8174603581428528|2.0|0.9126984477043152
Large Chamber:0.002506265649572015|0.0|0.10369296371936798|0.0|0.2821703851222992|3.0|0.49356332421302795|0.9374348521232605|1.0|0.9523809552192688|0.7291666865348816|0.0|0.1363636702299118|0.0|0.0|0.704081654548645|1.0|0.0|0.3124999701976776|0.7575756907463074|0.5416666269302368|1.0|0.0|0.2271994799375534|0.6875|0.0|0.482046902179718|0.8895738124847412|0.5168583989143372|0.0|2.0|0.8333333134651184
Large Factory:0.014906593598425388|1.0|0.18292683362960815|0.0|0.571428656578064|2.0|0.5476190447807312|0.2857142686843872|1.0|1.0|0.20588237047195435|0.0|0.18292689323425293|1.0|0.0|0.6666666865348816|1.0|0.0|0.4705882668495178|0.43902432918548584|0.529411792755127|1.0|0.0|0.34188032150268555|0.4705882668495178|0.0|0.7460317611694336|1.0|0.523809552192688|1.0|2.0|0.944444477558136
Large Hall:0.22166095674037933|1.0|0.4848484694957733|0.0|0.46268558502197266|3.0|0.49356332421302795|0.3117831349372864|1.0|1.0|0.5833333134651184|0.0|0.40909090638160706|0.0|0.0|0.8046875|1.0|0.0|0.625|0.7116478085517883|0.4166666567325592|1.0|0.0|0.2271994799375534|0.6875|0.0|0.7832408547401428|0.49356332421302795|0.7626093626022339|0.3684210479259491|2.0|0.8333333134651184
Large Space Chorus:0.3590562045574188|1.0|0.7777777910232544|0.0|0.7222222685813904|2.0|0.5317460298538208|0.5714285373687744|1.0|0.4920634925365448|0.20588237047195435|0.0|0.18292689323425293|1.0|0.0|0.678260862827301|1.0|0.0|0.6595745086669922|0.6172839999198914|0.7021276950836182|0.0|0.0|0.34188032150268555|0.4705882668495178|0.0|0.7460317611694336|1.0|0.7857142686843872|0.4761904776096344|2.0|1.0
Large Stage:0.002506265649572015|0.0|0.10369296371936798|0.0|0.412248432636261|3.0|0.5556497573852539|0.2596454620361328|1.0|1.0|0.5833333134651184|0.0|0.40909090638160706|0.0|0.0|0.75|1.0|0.0|0.5781250596046448|0.6818181276321411|0.4791666567325592|1.0|0.0|0.11718752235174179|0.796875|1.0|0.6588259935379028|0.7034740447998047|0.7253432273864746|0.6842105388641357|2.0|0.8333333134651184
Late Wrapper:0.002506265649572015|1.0|0.10369296371936798|1.0|0.4045688211917877|0.0|1.0|0.9895724654197693|0.3499999940395355|0.4047619104385376|0.6544755101203918|1.0|0.48569256067276|1.0|0.0|0.7653061151504517|1.0|0.0|0.4791666567325592|0.5454955101013184|0.7083333730697632|1.0|1.0|0.227199524641037|1.0|1.0|0.8176548480987549|1.0|0.7857133150100708|0.1349206417798996|2.0|0.9444167017936707
Living Room:0.014906593598425388|1.0|0.09756093472242355|1.0|0.357142835855484|2.0|0.4682539701461792|0.7619047164916992|1.0|0.460317462682724|0.44117647409439087|0.0|0.6097561120986938|1.0|0.0|0.5811966061592102|1.0|0.0|0.6470588445663452|0.5731707215309143|0.5882353186607361|1.0|0.0|0.34188032150268555|0.4705882668495178|0.0|0.5317460298538208|0.976190447807312|0.7460318207740784|0.8015872836112976|2.0|1.0
Long Ambience:0.025737572461366653|0.0|0.7283950448036194|0.0|0.70634925365448|1.0|0.3095238208770752|0.5952380895614624|1.0|0.0|0.0|0.0|0.0|0.0|0.0|0.5565217733383179|1.0|0.0|0.5531915426254272|0.444444477558136|0.2978723645210266|1.0|1.0|0.38260868191719055|0.38297876715660095|1.0|0.0|1.0|0.6666666865348816|0.0158730186522007|2.0|0.4761904776096344
Long Tail:0.006098624784499407|1.0|0.08536585420370102|1.0|0.6269841194152832|1.0|0.5714285969734192|0.3333333134651184|1.0|0.5555555820465088|0.5|1.0|0.3170732259750366|1.0|0.0|0.6923077702522278|1.0|0.0|0.6764705181121826|0.5365853309631348|0.44117647409439087|1.0|1.0|0.2905983328819275|0.9117647409439087|0.0|0.0|1.0|0.8571428656578064|0.3253968358039856|2.0|0.817460298538208
Main Hall:0.22166095674037933|0.0|0.4848484694957733|0.0|0.44969266653060913|3.0|0.5556497573852539|0.3117831349372864|1.0|1.0|0.5833333134651184|0.0|0.40909090638160706|0.0|0.0|0.7857142686843872|1.0|0.0|0.5625|0.6818181276321411|0.4166666567325592|1.0|0.0|0.2271994799375534|0.6875|0.0|0.7563599944114685|0.49356332421302795|0.7253432273864746|0.8947368264198303|2.0|0.8333333134651184
Marble Lobby:0.03654525429010391|1.0|0.8181818127632141|0.0|0.6140748858451843|0.0|0.9883594512939453|0.9682539701461792|0.20000000298023224|0.800000011920929|0.1458333283662796|1.0|0.5909091234207153|0.0|0.0|0.2551020383834839|1.0|0.0|0.4583333432674408|0.5511810183525085|0.4375|1.0|1.0|0.30612245202064514|0.0416666641831398|1.0|0.19685038924217224|1.0|0.1506003737449646|0.8809524178504944|2.0|0.8968333601951599
Medium Concert:0.18546363711357117|1.0|0.4690614938735962|1.0|0.48736369609832764|3.0|0.49356332421302795|0.6246089935302734|1.0|0.5|0.4468085467815399|1.0|0.3086419999599457|1.0|0.0|0.8102340698242188|1.0|0.0|0.3374999761581421|0.47729402780532837|0.6294117569923401|1.0|0.0|0.539130449295044|0.14893615245819092|1.0|0.7077953219413757|0.666791558265686|0.7915151119232178|0.3684210479259491|2.0|0.8333333134651184
Medium Hall:0.22166095674037933|1.0|0.4848484694957733|0.0|0.4204045236110687|3.0|0.49356332421302795|0.20750781893730164|1.0|1.0|0.5833333134651184|0.0|0.40909090638160706|0.0|0.0|0.8046875|1.0|0.0|0.625|0.7272727489471436|0.4166666567325592|1.0|0.0|0.2271994799375534|0.6875|0.0|0.6836305260658264|0.49356332421302795|0.7626093626022339|0.2631579041481018|2.0|0.8333333134651184
Medium Room:0.002506265649572015|0.0|0.10369296371936798|1.0|0.3174603581428528|3.0|0.4920635521411896|1.0|1.0|0.2539682686328888|0.7291666865348816|1.0|0.1363636702299118|1.0|0.0|0.8124999403953552|1.0|0.0|0.7578125|0.7578124403953552|0.4166666567325592|0.0|0.0|0.2271994799375534|0.6875|0.0|0.4461403787136078|0.7034740447998047|0.28475576639175415|1.0|2.0|0.8333333134651184
Medium Stage:0.002506265649572015|0.0|0.10369296371936798|0.0|0.3645723760128021|3.0|0.49356332421302795|0.3117831349372864|1.0|1.0|0.5833333134651184|0.0|0.40909090638160706|0.0|0.0|0.693877637386322|1.0|0.0|0.5833333730697632|0.6818181276321411|0.4375|1.0|0.0|0.19387756288051605|0.7291666865348816|1.0|0.5113844871520996|0.7034740447998047|0.635553777217865|0.5789473652839661|2.0|0.8333333134651184
Museum Lobby:0.03759398311376572|1.0|0.8181818127632141|0.0|0.5118110179901123|0.0|0.9542872309684753|0.8957247734069824|0.20000000298023224|0.8600000143051147|0.1458333283662796|1.0|0.027201684191823006|0.0|0.0|0.5918367505073547|1.0|0.0|0.3124999701976776|0.5282034873962402|0.4588235318660736|1.0|1.0|0.5510203838348389|0.0|1.0|0.5472907423973083|0.8588553071022034|0.3779527246952057|0.9473683834075928|2.0|1.0
Office:0.002506265649572015|0.0|0.10369296371936798|1.0|0.1926112174987793|3.0|0.7034740447998047|0.36392074823379517|1.0|0.5|0.4166666865348816|0.0|0.2878788411617279|1.0|0.0|0.8163265585899353|1.0|0.0|0.4375000298023224|0.6363636255264282|0.5625|1.0|0.0|0.2271994799375534|0.6875|0.0|0.4461406171321869|1.0|0.5693818926811218|1.0|2.0|0.8333333134651184
Oil Barrel:0.15164367854595184|0.0|0.3333333432674408|0.0|0.365079402923584|3.0|0.3449578881263733|0.7777777910232544|1.0|1.0|0.7291666865348816|0.0|0.1363636702299118|0.0|0.0|0.8571429252624512|1.0|0.0|0.5833333730697632|0.7575756907463074|0.8541666269302368|0.0|0.0|0.2271994799375534|0.6875|0.0|0.4461406171321869|0.3449578881263733|0.0|0.317460298538208|2.0|0.8333333134651184
Outer Space:1.0|0.0|0.9545454382896423|0.0|0.6269841194152832|3.0|0.3449578881263733|1.0|1.0|1.0|0.8125|0.0|0.5606061220169067|0.0|0.0|0.8775510191917419|1.0|0.0|0.0|0.560606062412262|0.8333333730697632|1.0|1.0|0.30612245202064514|0.0|1.0|0.5113844871520996|0.0|0.0|0.261904776096344|2.0|1.0
Parallel Walls:0.15164367854595184|0.0|0.3333333432674408|0.0|0.24304825067520142|3.0|0.3449578881263733|0.0|1.0|1.0|0.7291666865348816|0.0|0.1363636702299118|0.0|0.0|0.8775510191917419|1.0|0.0|0.6041666865348816|0.9090908765792847|0.6875|1.0|0.0|0.2271994799375534|0.6875|0.0|0.8166523575782776|1.0|0.0|1.0|2.0|1.0
Parking Garage:0.03196270763874054|0.0|0.4848484694957733|0.0|0.5748031139373779|0.0|0.9106502532958984|0.8968254327774048|0.3499999940395355|0.8031495809555054|0.4583333432674408|1.0|0.2575758099555969|0.0|0.0|0.26530614495277405|1.0|0.0|0.2291666567325592|0.4393838047981262|0.2916666865348816|1.0|1.0|0.6632652878761292|0.6666666865348816|1.0|0.8188977241516113|0.4365079402923584|0.8188977241516113|0.8095238208770752|2.0|0.690500020980835
Plate Damped:0.002506265649572015|0.0|0.10369296371936798|0.0|0.2619047462940216|0.0|0.7034740447998047|1.0|0.2199999988079071|0.5|0.6875|0.0|0.6212121844291687|0.0|0.0|0.36734694242477417|1.0|0.0|0.1666666716337204|0.469696968793869|0.6875|1.0|1.0|0.2271994799375534|1.0|1.0|0.2589765787124634|0.0|0.2698412835597992|0.3253968060016632|2.0|0.8333333134651184
Red Canyon:0.32348117232322693|1.0|0.5909090638160706|0.0|0.5826772451400757|0.0|1.0|0.4365079402923584|0.2800000011920929|0.7698412537574768|0.125|1.0|0.3333333432674408|0.0|0.0|0.7346938848495483|1.0|0.0|0.0208333320915699|0.8425196409225464|0.5625|1.0|1.0|0.22448980808258057|0.0624999962747097|1.0|0.8503937125205994|0.7380952835083008|1.0|0.7578946948051453|2.0|0.8968333601951599
Reflections:0.025737572461366653|1.0|0.7283950448036194|0.0|0.5476190447807312|2.0|1.0|0.0|1.0|0.8492063283920288|1.0|0.0|1.0|0.0|0.0|0.5478261113166809|1.0|0.0|0.3191488981246948|0.654321014881134|0.5744680762290955|1.0|1.0|0.25217390060424805|0.27659574151039124|1.0|0.0|0.0|1.0|0.944444477558136|2.0|0.5634920597076416
Room Wood:0.28522783517837524|0.0|0.9545454382896423|0.0|0.27559059858322144|0.0|1.0|0.3253968358039856|0.20000000298023224|0.30158731341362|0.4791666567325592|0.0|0.696969747543335|0.0|0.0|0.5816327333450317|1.0|0.0|0.5000000596046448|0.4803149104118347|0.5416666269302368|1.0|1.0|0.16315661370754242|0.0416666641831398|1.0|0.7086614370346069|0.8015872836112976|0.6220472455024719|0.2857142686843872|2.0|0.6888333559036255
Short Ambience:0.025737572461366653|0.0|0.7283950448036194|0.0|0.2619047462940216|1.0|1.0|0.0|1.0|0.8492063283920288|1.0|0.0|1.0|0.0|0.0|0.5130435228347778|1.0|0.0|0.0|0.5555556416511536|0.3191489577293396|1.0|1.0|0.1826087087392807|0.0|1.0|0.0|0.0|0.5079365372657776|0.944444477558136|2.0|0.5634920597076416
Singing Can:0.8380287885665894|1.0|0.8292682766914368|1.0|0.6904762387275696|2.0|1.0|1.0|1.0|0.2936508059501648|0.8823529481887817|0.0|0.6463415026664734|1.0|0.0|0.632478654384613|1.0|0.0|0.0|0.5731707215309143|0.4117647111415863|1.0|1.0|0.41025638580322266|0.4705882668495178|1.0|0.3174603283405304|0.976190447807312|0.0317460261285305|0.4047619104385376|2.0|0.460317462682724
Six Seconds:0.029577599838376045|1.0|0.8024691343307495|1.0|0.579365074634552|1.0|0.49356332421302795|0.6246089935302734|1.0|0.5|0.6544755101203918|1.0|0.48569256067276|1.0|0.0|0.6173912882804871|1.0|0.0|0.6170213222503662|0.6172839999198914|0.5957446098327637|1.0|1.0|0.2271994799375534|0.6875|0.0|0.6587302088737488|0.49356332421302795|0.7460318207740784|0.5634920001029968|2.0|0.8333333134651184
Sixty Seconds:0.07038673758506775|1.0|0.7121211886405945|1.0|1.0|1.0|0.49356332421302795|0.6246089935302734|0.550000011920929|0.5079365372657776|0.6544755101203918|1.0|0.48569256067276|1.0|0.0|0.6734693646430969|1.0|0.0|0.5208333730697632|0.6818181276321411|0.4791666567325592|1.0|1.0|0.18367350101470947|0.5833333730697632|1.0|0.682539701461792|0.49356332421302795|0.7539682388305664|0.5634920001029968|2.0|0.8333333134651184
Sizzle:0.0476190485060215|1.0|0.3181818127632141|0.0|0.5643406510353088|3.0|1.0|0.7288842797279358|1.0|1.0|0.5833333134651184|0.0|0.40909090638160706|0.0|0.0|0.8367347121238708|0.0|0.0|0.25|0.6212120652198792|0.0|0.0|1.0|0.2271994799375534|0.6875|0.0|0.8525586128234863|0.23975330591201782|0.8676563501358032|1.0|2.0|0.8333333134651184
Small Chamber:0.002506265649572015|0.0|0.10369296371936798|0.0|0.1926112174987793|3.0|0.49356332421302795|0.9374348521232605|1.0|0.9523809552192688|0.7291666865348816|0.0|0.1363636702299118|0.0|0.0|0.7346938848495483|1.0|0.0|0.25|0.7575756907463074|0.5416666269302368|1.0|0.0|0.2271994799375534|0.6875|0.0|0.3705117404460907|0.8895738124847412|0.3372792899608612|0.0|2.0|0.8333333134651184
Small Hall:0.002506265649572015|0.0|0.10369296371936798|0.0|0.3411613404750824|3.0|0.7034740447998047|0.7301586866378784|1.0|1.0|0.5833333134651184|0.0|0.40909090638160706|0.0|0.0|0.7551020979881287|1.0|0.0|0.6666666865348816|0.7272727489471436|0.4166666567325592|1.0|0.0|0.19387756288051605|0.7291666865348816|1.0|0.5935820937156677|0.49356332421302795|0.777866780757904|1.0|2.0|0.8333333134651184
Small Room:0.002506265649572015|0.0|0.10369296371936798|1.0|0.2536771595478058|3.0|0.6253118515014648|0.5703125596046448|1.0|0.375|0.7083333134651184|1.0|0.2575758099555969|1.0|0.0|0.7734373807907104|1.0|0.0|0.5000000596046448|0.6515150666236877|0.4166666567325592|1.0|0.0|0.2271994799375534|0.6875|0.0|0.482046902179718|0.5556497573852539|0.3372792899608612|0.944444477558136|2.0|0.8333333134651184
Small Tile:0.018415097147226334|1.0|0.1666666716337204|0.0|0.2538832128047943|0.0|0.9106502532958984|0.7857142686843872|0.19685038924217224|0.9841269850730896|0.3333333730697632|1.0|0.28346461057662964|0.0|0.0|0.571428656578064|1.0|0.0|0.2916666567325592|0.4092257618904114|0.5625|1.0|1.0|0.30612245202064514|0.2500000298023224|1.0|0.10328147560358047|0.7819422483444214|0.023622050881385803|1.0|2.0|0.8730000257492065
Snare Room:0.002506265649572015|0.0|0.10369296371936798|0.0|0.31413534283638|3.0|0.49356332421302795|1.0|1.0|1.0|0.7083333134651184|0.0|0.2575758099555969|0.0|0.0|0.9285714626312256|1.0|0.0|0.6875|0.8939393162727356|0.5208333730697632|1.0|0.0|0.2271994799375534|0.6875|0.0|0.482046902179718|0.3449578881263733|0.4034511148929596|1.0|2.0|0.8333333134651184
Space Reverb:0.03654525429010391|1.0|0.8181818127632141|0.0|0.8031495809555054|0.0|0.9542872309684753|0.4173228144645691|0.20000000298023224|0.8809523582458496|0.0833333432674408|1.0|0.3181818127632141|0.0|0.0|0.4489796459674835|1.0|0.0|0.4791666567325592|0.5826771855354309|0.45833340287208557|1.0|1.0|0.3979591429233551|0.1874999850988388|1.0|0.8582677245140076|0.932217538356781|1.0|1.0|2.0|0.8897499442100525
Spacious:0.002506265649572015|0.0|0.10369296371936798|1.0|0.47478148341178894|3.0|0.49356332421302795|0.5714285373687744|1.0|0.7142857313156128|0.5833333134651184|1.0|0.40909090638160706|1.0|0.0|0.8046875|1.0|0.0|0.625|0.7272727489471436|0.4166666567325592|1.0|0.0|0.346938818693161|0.5625|1.0|0.6588259935379028|1.0|0.8151329159736633|1.0|2.0|0.8333333134651184
Stadium:0.002506265649572015|0.0|0.10369296371936798|1.0|0.5252186059951782|3.0|0.5556497573852539|0.08237747102975845|1.0|1.0|0.7291666865348816|1.0|0.1363636702299118|1.0|0.0|0.7346938848495483|1.0|0.0|0.5000000596046448|0.7575756907463074|0.5416666269302368|1.0|0.0|0.2271994799375534|0.6875|0.0|0.7857142686843872|0.3449578881263733|0.6728197932243347|0.8947368264198303|2.0|0.8333333134651184
Standard Room:0.002506265649572015|0.0|0.10369296371936798|1.0|0.2636983096599579|3.0|0.49356332421302795|0.6246089935302734|1.0|0.375|0.7083333134651184|1.0|0.2575758099555969|1.0|0.0|0.8265306353569031|1.0|0.0|0.5833333730697632|0.8484848141670227|0.3125|1.0|0.0|0.2271994799375534|0.6875|0.0|0.5576757788658142|0.49356332421302795|0.4034511148929596|0.944444477558136|2.0|0.8333333134651184
Storage Space:0.18546363711357117|1.0|0.4690614938735962|1.0|0.4015747904777527|1.0|0.6141732335090637|0.18897637724876404|1.0|0.5|0.6544755101203918|1.0|0.48569256067276|1.0|0.0|0.8102340698242188|1.0|0.0|0.3374999761581421|0.2469135820865631|0.5531914830207825|0.0|1.0|0.2271994799375534|0.6875|0.0|0.6850393414497375|0.4094488322734833|0.18897637724876404|0.3684210479259491|2.0|0.17322833836078644
Tile Room:0.002506265649572015|0.0|0.10369296371936798|1.0|0.3174603581428528|3.0|0.4920635521411896|0.8253967761993408|1.0|0.0|0.7083333134651184|1.0|0.2575758099555969|1.0|0.0|0.9183673858642578|1.0|0.0|0.75|0.7578124403953552|0.4166666567325592|0.0|0.0|0.2271994799375534|0.6875|0.0|0.28831419348716736|0.49356332421302795|0.3372792899608612|0.7777777314186096|2.0|0.8333333134651184
Venus Bright:0.03654525429010391|0.0|0.8181818127632141|0.0|0.30667370557785034|0.0|1.0|0.43691346049308777|0.25|0.5873016119003296|0.1458333283662796|1.0|0.027201684191823006|0.0|0.0|0.8265306353569031|1.0|0.0|0.1458333283662796|0.40953099727630615|0.4791666567325592|1.0|1.0|0.5102041363716125|0.625|1.0|0.12687161564826965|0.9883594512939453|0.515883207321167|0.761904776096344|2.0|0.8968333601951599
Vocal Hall:0.15164367854595184|1.0|0.5|1.0|0.47478148341178894|3.0|0.49356332421302795|0.4681960344314575|1.0|1.0|0.5833333134651184|0.0|0.40909090638160706|1.0|0.0|0.8163265585899353|1.0|0.0|0.6666666865348816|0.7424241900444031|0.4583333432674408|1.0|0.0|0.2857142984867096|0.5000000596046448|1.0|0.8356049060821533|0.3449578881263733|0.7915151119232178|1.0|2.0|0.8333333134651184
Vocal Space:0.10349586606025696|1.0|0.9090909361839294|0.0|0.4881889522075653|0.0|0.9213718175888062|0.4365079402923584|0.20000000298023224|0.6428571343421936|0.1666666567325592|1.0|0.43939393758773804|0.0|0.0|0.8061224818229675|1.0|0.0|0.3124999701976776|0.5000567436218262|0.6875|1.0|1.0|0.346938818693161|0.3124999701976776|1.0|0.38582679629325867|0.8291797041893005|0.515883207321167|0.357142835855484|2.0|0.9921666383743286
Warm Reverb Long:0.029577599838376045|1.0|0.8024691343307495|1.0|0.5963056087493896|1.0|0.49356332421302795|1.0|1.0|0.5|0.4468085467815399|1.0|0.4691358208656311|1.0|0.0|0.6173912882804871|1.0|0.0|0.6170213222503662|0.6913580894470215|0.8936170935630798|1.0|1.0|0.2271994799375534|0.6875|0.0|0.6587302088737488|0.49356332421302795|0.7460318207740784|0.3968254029750824|2.0|0.3095237910747528
Wide Ambience:0.025737572461366653|0.0|0.7283950448036194|0.0|0.5396826267242432|1.0|0.365079402923584|0.5952380895614624|1.0|0.0|0.0|0.0|0.0|0.0|0.0|0.582608699798584|1.0|0.0|0.6170213222503662|0.444444477558136|0.2978723645210266|1.0|1.0|0.3391304314136505|0.7021276354789734|1.0|0.761904776096344|1.0|0.6666666865348816|0.0158730186522007|2.0|1.0
Wooden Hall:0.04173703119158745|0.0|0.5303030014038086|0.0|0.46268558502197266|3.0|0.6253118515014648|0.3117831349372864|1.0|1.0|0.5833333134651184|0.0|0.40909090638160706|0.0|0.0|0.704081654548645|1.0|0.0|0.3541666865348816|0.7272727489471436|0.4166666567325592|1.0|0.0|0.2271994799375534|0.6875|0.0|0.7703611254692078|0.30578404664993286|0.8676563501358032|0.3684210479259491|2.0|0.8333333134651184
Wooden Room:0.002506265649572015|0.0|0.10369296371936798|1.0|0.24630510807037354|3.0|0.5556497573852539|0.8331595659255981|1.0|0.30158731341362|0.7291666865348816|1.0|0.1363636702299118|1.0|0.0|0.7755101919174194|1.0|0.0|0.2916666567325592|0.6515150666236877|0.5625|1.0|0.0|0.2271994799375534|0.6875|0.0|0.3174603283405304|0.7034740447998047|0.35724779963493347|1.0|2.0|0.8333333134651184
